teleportenabled: true
teleportauto: false
godmode: false
muted: false
jailed: false
ip-address: 127.109.34.235
afk: false
socialspy: false
npc: false
powertoolsenabled: true
accepting-pay: true
baltop-exempt: false
timestamps:
  lastteleport: 1733090700512
  lastheal: 0
  mute: 0
  jail: 0
  onlinejail: 0
  logout: 1733091754354
  login: 1733090417832
money: '0'
last-account-name: fabrizio123
lastlocation:
  world: 1e7574d3-972b-44cc-8664-06c3de722bc1
  world-name: world
  x: -1649.3049606501183
  y: 75.0
  z: -1263.8671078316697
  yaw: -136.00662231445312
  pitch: 18.87865447998047
logoutlocation:
  world: 1e7574d3-972b-44cc-8664-06c3de722bc1
  world-name: world
  x: -93.74500733591448
  y: -25.246800019478798
  z: 390.35722214396935
  yaw: 120.0205078125
  pitch: -5.54998779296875
homes:
  base:
    world: 1e7574d3-972b-44cc-8664-06c3de722bc1
    world-name: world
    x: -242.95029492512478
    y: 73.0
    z: 676.3158704744378
    yaw: 97.36837768554688
    pitch: 18.15228843688965
  granja1:
    world: 1e7574d3-972b-44cc-8664-06c3de722bc1
    world-name: world
    x: -92.85487400665878
    y: -30.0
    z: 192.30000001192093
    yaw: 39.380802154541016
    pitch: 2.859528064727783
  granja2:
    world: 1e7574d3-972b-44cc-8664-06c3de722bc1
    world-name: world
    x: -241.72340548857935
    y: 193.0
    z: 782.1026510886229
    yaw: 111.67571258544922
    pitch: 1.9214324951171875
