teleportenabled: true
teleportauto: false
godmode: false
muted: false
jailed: false
ip-address: 127.109.34.235
afk: false
socialspy: false
npc: false
powertoolsenabled: true
accepting-pay: true
baltop-exempt: false
timestamps:
  lastteleport: 1733206633254
  lastheal: 0
  mute: 0
  jail: 0
  onlinejail: 0
  logout: 1733111716440
  login: 1733200826385
money: '0'
last-account-name: fabrizio123
lastlocation:
  world: 1e7574d3-972b-44cc-8664-06c3de722bc1
  world-name: world
  x: -242.5
  y: 72.0
  z: 677.5
  yaw: 97.51837921142578
  pitch: 18.452287673950195
logoutlocation:
  world: 1e7574d3-972b-44cc-8664-06c3de722bc1
  world-name: world
  x: -1801.8790422114103
  y: -9.750812921255317
  z: -1238.9793113394787
  yaw: -41.37045669555664
  pitch: 11.112626075744629
homes:
  base:
    world: 1e7574d3-972b-44cc-8664-06c3de722bc1
    world-name: world
    x: -242.95029492512478
    y: 73.0
    z: 676.3158704744378
    yaw: 97.36837768554688
    pitch: 18.15228843688965
  granja1:
    world: 1e7574d3-972b-44cc-8664-06c3de722bc1
    world-name: world
    x: -92.85487400665878
    y: -30.0
    z: 192.30000001192093
    yaw: 39.380802154541016
    pitch: 2.859528064727783
  granja2:
    world: 1e7574d3-972b-44cc-8664-06c3de722bc1
    world-name: world
    x: -241.72340548857935
    y: 193.0
    z: 782.1026510886229
    yaw: 111.67571258544922
    pitch: 1.9214324951171875
  aldeanos:
    world: 1e7574d3-972b-44cc-8664-06c3de722bc1
    world-name: world
    x: 588.6999999880791
    y: 58.0
    z: -2709.0632987233826
    yaw: -85.85531616210938
    pitch: 61.59221649169922
