teleportenabled: true
teleportauto: false
godmode: false
muted: false
jailed: false
ip-address: 127.109.34.235
afk: false
socialspy: false
npc: false
powertoolsenabled: true
accepting-pay: true
baltop-exempt: false
timestamps:
  lastteleport: 1733209716060
  lastheal: 0
  mute: 0
  jail: 0
  onlinejail: 0
  logout: 1733209986439
  login: 1733200826385
money: '0'
last-account-name: fabrizio123
lastlocation:
  world: 1e7574d3-972b-44cc-8664-06c3de722bc1
  world-name: world
  x: 593.268704209689
  y: 58.0
  z: -2710.4213833178014
  yaw: -88.25482177734375
  pitch: 8.94226360321045
logoutlocation:
  world: 1e7574d3-972b-44cc-8664-06c3de722bc1
  world-name: world
  x: -242.2101262361413
  y: 72.0
  z: 678.3871116078518
  yaw: 99.9114990234375
  pitch: 34.200008392333984
homes:
  base:
    world: 1e7574d3-972b-44cc-8664-06c3de722bc1
    world-name: world
    x: -242.95029492512478
    y: 73.0
    z: 676.3158704744378
    yaw: 97.36837768554688
    pitch: 18.15228843688965
  granja1:
    world: 1e7574d3-972b-44cc-8664-06c3de722bc1
    world-name: world
    x: -92.85487400665878
    y: -30.0
    z: 192.30000001192093
    yaw: 39.380802154541016
    pitch: 2.859528064727783
  granja2:
    world: 1e7574d3-972b-44cc-8664-06c3de722bc1
    world-name: world
    x: -241.72340548857935
    y: 193.0
    z: 782.1026510886229
    yaw: 111.67571258544922
    pitch: 1.9214324951171875
  aldeanos:
    world: 1e7574d3-972b-44cc-8664-06c3de722bc1
    world-name: world
    x: 588.6999999880791
    y: 58.0
    z: -2709.0632987233826
    yaw: -85.85531616210938
    pitch: 61.59221649169922
