teleportenabled: true
teleportauto: false
godmode: false
muted: false
jailed: false
ip-address: 127.109.34.235
afk: false
socialspy: false
npc: false
powertoolsenabled: true
accepting-pay: true
baltop-exempt: false
timestamps:
  lastteleport: 1733017599985
  lastheal: 0
  mute: 0
  jail: 0
  onlinejail: 0
  logout: 1733021285908
  login: 1733016412801
money: '0'
last-account-name: fabrizio123
lastlocation:
  world: 1e7574d3-972b-44cc-8664-06c3de722bc1
  world-name: world
  x: 298.69999998807907
  y: -48.0
  z: 296.17190030442373
  yaw: -113.95703125
  pitch: 24.599979400634766
logoutlocation:
  world: 1e7574d3-972b-44cc-8664-06c3de722bc1
  world-name: world
  x: -242.01841875132146
  y: 72.0
  z: 677.7624999880791
  yaw: 139.984375
  pitch: 14.849981307983398
homes:
  base:
    world: 1e7574d3-972b-44cc-8664-06c3de722bc1
    world-name: world
    x: -242.95029492512478
    y: 73.0
    z: 676.3158704744378
    yaw: 97.36837768554688
    pitch: 18.15228843688965
  granja1:
    world: 1e7574d3-972b-44cc-8664-06c3de722bc1
    world-name: world
    x: -92.85487400665878
    y: -30.0
    z: 192.30000001192093
    yaw: 39.380802154541016
    pitch: 2.859528064727783
  granja2:
    world: 1e7574d3-972b-44cc-8664-06c3de722bc1
    world-name: world
    x: -241.72340548857935
    y: 193.0
    z: 782.1026510886229
    yaw: 111.67571258544922
    pitch: 1.9214324951171875
