teleportenabled: true
teleportauto: false
godmode: false
muted: false
jailed: false
ip-address: 127.229.43.169
afk: false
socialspy: false
npc: false
powertoolsenabled: true
accepting-pay: true
baltop-exempt: false
timestamps:
  lastteleport: 1732942507169
  lastheal: 0
  mute: 0
  jail: 0
  onlinejail: 0
  logout: 1732943156080
  login: 1732943125346
money: '0'
last-account-name: JoshePM_12
logoutlocation:
  world: 1e7574d3-972b-44cc-8664-06c3de722bc1
  world-name: world
  x: -1670.3129197489307
  y: 66.0
  z: -1282.9726225540076
  yaw: -120.00059509277344
  pitch: 5.2500081062316895
lastlocation:
  world: 1e7574d3-972b-44cc-8664-06c3de722bc1
  world-name: world
  x: 626.8743049590055
  y: 73.0
  z: -2630.875889393554
  yaw: -26.709970474243164
  pitch: 26.590917587280273
homes:
  base:
    world: 1e7574d3-972b-44cc-8664-06c3de722bc1
    world-name: world
    x: -233.9200042655608
    y: 77.0
    z: 661.5846576845053
    yaw: -12.09979248046875
    pitch: 14.124899864196777
  cima:
    world: 1e7574d3-972b-44cc-8664-06c3de722bc1
    world-name: world
    x: -244.29192618052218
    y: 193.0
    z: 779.5784135154199
    yaw: -0.5113142728805542
    pitch: 15.44998550415039
  negros:
    world: 1e7574d3-972b-44cc-8664-06c3de722bc1
    world-name: world
    x: -239.10355759175857
    y: 65.0
    z: 682.6999999880791
    yaw: 128.707275390625
    pitch: 13.386404037475586
  tp:
    world: 1e7574d3-972b-44cc-8664-06c3de722bc1
    world-name: world
    x: -1657.8722146914595
    y: 66.0
    z: -1282.6624577044092
    yaw: 114.7369384765625
    pitch: 21.60008430480957
