teleportenabled: true
teleportauto: false
godmode: false
muted: false
jailed: false
ip-address: 127.212.58.155
afk: false
socialspy: false
npc: false
powertoolsenabled: true
accepting-pay: true
baltop-exempt: false
timestamps:
  lastteleport: 1732940504279
  lastheal: 0
  mute: 0
  jail: 0
  onlinejail: 0
  logout: 1732940011878
  login: 1732940098784
money: '0'
last-account-name: JoshePM_12
logoutlocation:
  world: 1e7574d3-972b-44cc-8664-06c3de722bc1
  world-name: world
  x: -1638.6143130666528
  y: 66.0
  z: -1286.5871973292367
  yaw: 123.07505798339844
  pitch: 65.66345977783203
lastlocation:
  world: 1e7574d3-972b-44cc-8664-06c3de722bc1
  world-name: world
  x: -1646.4446865564282
  y: 68.02442408821369
  z: -1269.7299794573007
  yaw: 32.6248779296875
  pitch: 8.963434219360352
homes:
  base:
    world: 1e7574d3-972b-44cc-8664-06c3de722bc1
    world-name: world
    x: -233.9200042655608
    y: 77.0
    z: 661.5846576845053
    yaw: -12.09979248046875
    pitch: 14.124899864196777
  cima:
    world: 1e7574d3-972b-44cc-8664-06c3de722bc1
    world-name: world
    x: -244.29192618052218
    y: 193.0
    z: 779.5784135154199
    yaw: -0.5113142728805542
    pitch: 15.44998550415039
  negros:
    world: 1e7574d3-972b-44cc-8664-06c3de722bc1
    world-name: world
    x: -239.10355759175857
    y: 65.0
    z: 682.6999999880791
    yaw: 128.707275390625
    pitch: 13.386404037475586
  tp:
    world: 1e7574d3-972b-44cc-8664-06c3de722bc1
    world-name: world
    x: -1657.8722146914595
    y: 66.0
    z: -1282.6624577044092
    yaw: 114.7369384765625
    pitch: 21.60008430480957
