teleportenabled: true
teleportauto: false
godmode: false
muted: false
jailed: false
ip-address: 127.212.58.155
afk: false
socialspy: false
npc: false
powertoolsenabled: true
accepting-pay: true
baltop-exempt: false
timestamps:
  lastteleport: 1732939346644
  lastheal: 0
  mute: 0
  jail: 0
  onlinejail: 0
  logout: 1732771168574
  login: 1732939222374
money: '0'
last-account-name: JoshePM_12
logoutlocation:
  world: 1e7574d3-972b-44cc-8664-06c3de722bc1
  world-name: world
  x: -1633.300000011921
  y: 66.0
  z: -1289.699999988079
  yaw: 50.998046875
  pitch: 29.099925994873047
lastlocation:
  world: 1e7574d3-972b-44cc-8664-06c3de722bc1
  world-name: world
  x: -1643.482721487437
  y: 66.0
  z: -1273.9882548730875
  yaw: 172.19818115234375
  pitch: 3.8999314308166504
homes:
  base:
    world: 1e7574d3-972b-44cc-8664-06c3de722bc1
    world-name: world
    x: -233.9200042655608
    y: 77.0
    z: 661.5846576845053
    yaw: -12.09979248046875
    pitch: 14.124899864196777
  cima:
    world: 1e7574d3-972b-44cc-8664-06c3de722bc1
    world-name: world
    x: -244.29192618052218
    y: 193.0
    z: 779.5784135154199
    yaw: -0.5113142728805542
    pitch: 15.44998550415039
  negros:
    world: 1e7574d3-972b-44cc-8664-06c3de722bc1
    world-name: world
    x: -239.10355759175857
    y: 65.0
    z: 682.6999999880791
    yaw: 128.707275390625
    pitch: 13.386404037475586
  tp:
    world: 1e7574d3-972b-44cc-8664-06c3de722bc1
    world-name: world
    x: -1657.8722146914595
    y: 66.0
    z: -1282.6624577044092
    yaw: 114.7369384765625
    pitch: 21.60008430480957
