teleportenabled: true
teleportauto: false
godmode: false
muted: false
jailed: false
ip-address: 127.200.126.4
afk: false
socialspy: false
npc: false
powertoolsenabled: true
accepting-pay: true
baltop-exempt: false
timestamps:
  lastteleport: 1732769386936
  lastheal: 0
  mute: 0
  jail: 0
  onlinejail: 0
  logout: 1732769360325
  login: 1732769366739
money: '0'
last-account-name: JoshePM_12
logoutlocation:
  world: 1e7574d3-972b-44cc-8664-06c3de722bc1
  world-name: world
  x: 66.40887278795711
  y: 71.85512468528748
  z: 102.98727240481806
  yaw: -18.599987030029297
  pitch: 14.699999809265137
lastlocation:
  world: 1e7574d3-972b-44cc-8664-06c3de722bc1
  world-name: world
  x: 58.75095913850557
  y: 72.0
  z: 116.45885685757834
  yaw: 89.10001373291016
  pitch: 21.449995040893555
homes:
  base:
    world: 1e7574d3-972b-44cc-8664-06c3de722bc1
    world-name: world
    x: -233.9200042655608
    y: 77.0
    z: 661.5846576845053
    yaw: -12.09979248046875
    pitch: 14.124899864196777
  cima:
    world: 1e7574d3-972b-44cc-8664-06c3de722bc1
    world-name: world
    x: -244.29192618052218
    y: 193.0
    z: 779.5784135154199
    yaw: -0.5113142728805542
    pitch: 15.44998550415039
  negros:
    world: 1e7574d3-972b-44cc-8664-06c3de722bc1
    world-name: world
    x: -239.10355759175857
    y: 65.0
    z: 682.6999999880791
    yaw: 128.707275390625
    pitch: 13.386404037475586
