teleportenabled: true
teleportauto: false
godmode: false
muted: false
jailed: false
ip-address: 127.200.126.4
afk: false
socialspy: false
npc: false
powertoolsenabled: true
accepting-pay: true
baltop-exempt: false
timestamps:
  lastteleport: 1733105262399
  lastheal: 0
  mute: 0
  jail: 0
  onlinejail: 0
  logout: 1733105318593
  login: 1733105085438
money: '0'
last-account-name: JoshePM_12
logoutlocation:
  world: 1e7574d3-972b-44cc-8664-06c3de722bc1
  world-name: world
  x: -1837.5605218506562
  y: 60.98542390898866
  z: -1288.979638479098
  yaw: -89.4200439453125
  pitch: -12.449878692626953
lastlocation:
  world: 1e7574d3-972b-44cc-8664-06c3de722bc1
  world-name: world
  x: -264.5
  y: 69.0
  z: 671.5
  yaw: 45.000003814697266
  pitch: 0.0
homes:
  base:
    world: 1e7574d3-972b-44cc-8664-06c3de722bc1
    world-name: world
    x: -233.9200042655608
    y: 77.0
    z: 661.5846576845053
    yaw: -12.09979248046875
    pitch: 14.124899864196777
  cima:
    world: 1e7574d3-972b-44cc-8664-06c3de722bc1
    world-name: world
    x: -244.29192618052218
    y: 193.0
    z: 779.5784135154199
    yaw: -0.5113142728805542
    pitch: 15.44998550415039
  negros:
    world: 1e7574d3-972b-44cc-8664-06c3de722bc1
    world-name: world
    x: -239.10355759175857
    y: 65.0
    z: 682.6999999880791
    yaw: 128.707275390625
    pitch: 13.386404037475586
  tp:
    world: 1e7574d3-972b-44cc-8664-06c3de722bc1
    world-name: world
    x: -1657.8722146914595
    y: 66.0
    z: -1282.6624577044092
    yaw: 114.7369384765625
    pitch: 21.60008430480957
  amor:
    world: 1e7574d3-972b-44cc-8664-06c3de722bc1
    world-name: world
    x: -1793.566310862107
    y: 66.0
    z: -1248.3624639382492
    yaw: 172.02813720703125
    pitch: 79.0500717163086
